deg = 180 * rad / 3.141592653589793
grad = 400 * rad / 0.31830988618
turn = deg / 360
